[0, 0, 0, 0, 0, 0, 0, 0, 0, 63, 0, 0, 0, 0, 0, 0, 0, 0, 0, 0, 23, 0, 0, 0, 0, 0, 0, 11, 0, 0, 0, 0, 0, 8, 0, 0, 0, 2, 0, 0, 0, 0, 28, 0, 0, 0, 0, 0, 0, 0, 0, 10, 0, 0, 0, 0, 0, 22, 0, 0, 2, 0, 12, 0, 0, 0, 0, 0, 0, 0, 0, 49, 0, 0, 0, 0, 0, 0, 13, 0, 0, 0, 0, 0, 27, 0, 0, 22, 0, 0, 0, 0, 0, 0, 0, 0, 0, 24, 0, 0, 0, 0, 0, 0, 0, 17, 0, 0, 0, 0, 4, 0, 0, 8, 0, 4, 0, 0, 0, 0, 0, 0, 0, 0, 0, 0, 52, 0, 0, 0, 0, 0, 0, 0, 35, 0, 0, 0, 2, 0, 0, 0, 0, 18, 0, 0, 0, 0, 0, 28]
[0, 0, 19, 0, 0, 0, 0, 12, 0, 0, 0, 0, 9, 17, 0, 0, 0, 0, 0, 0, 0, 0, 33, 0, 0, 0, 0, 0, 0, 0, 9, 0, 0, 0, 0, 0, 0, 0, 15, 0, 0, 0, 0, 15, 0, 0, 0, 0, 0, 8, 0, 0, 2, 0, 0, 0, 0, 0, 0, 34, 0, 0, 0, 0, 0, 0, 24, 0, 0, 0, 0, 0, 15, 0, 0, 0, 0, 0, 0, 0, 54, 0, 0, 0, 0, 0, 14, 0, 1, 0, 0, 0, 0, 19, 0, 0, 3, 0, 0, 3, 0, 8, 0, 0, 0, 0, 14, 0, 0, 0, 6, 0, 0, 6, 0, 0, 0, 0, 0, 0, 39, 0, 0, 0, 0, 0, 0, 0, 6, 0, 0, 17, 0, 0, 23, 0, 0, 0, 0, 15, 0, 0, 1, 0, 5, 0, 9, 0, 0, 17]
[0, 15, 0, 0, 0, 6, 0, 0, 0, 0, 25, 0, 0, 0, 0, 0, 0, 34, 0, 0, 0, 0, 0, 0, 3, 0, 0, 0, 0, 15, 0, 0, 0, 0, 0, 7, 0, 0, 2, 0, 0, 0, 22, 0, 0, 0, 0, 0, 0, 0, 0, 0, 18, 0, 0, 0, 0, 12, 0, 0, 12, 0, 2, 0, 0, 0, 20, 0, 0, 8, 0, 1, 0, 0, 0, 0, 17, 0, 25, 0, 0, 0, 0, 4, 5, 0, 0, 0, 0, 0, 0, 0, 59, 0, 0, 0, 0, 0, 0, 0, 0, 0, 0, 0, 0, 0, 0, 17, 0, 0, 2, 0, 0, 0, 23, 0, 0, 0, 0, 0, 0, 0, 18, 0, 0, 0, 0, 2, 12, 0, 4, 0, 0, 17, 7, 0, 15, 0, 0, 0, 0, 12, 0, 0, 0, 0, 13, 0, 0, 16]
[4, 0, 0, 0, 0, 28, 0, 0, 0, 0, 3, 0, 0, 0, 33, 0, 0, 0, 0, 0, 7, 0, 0, 4, 0, 4, 0, 7, 0, 0, 3, 0, 1, 0, 0, 0, 0, 0, 0, 20, 0, 0, 0, 0, 0, 18, 0, 0, 0, 0, 0, 5, 0, 0, 0, 0, 14, 0, 0, 3, 15, 0, 1, 6, 0, 0, 0, 0, 14, 7, 0, 0, 0, 0, 0, 0, 20, 11, 0, 0, 0, 0, 25, 0, 0, 2, 20, 0, 0, 0, 2, 1, 0, 6, 0, 11, 0, 0, 0, 1, 0, 10, 0, 0, 9, 0, 0, 0, 0, 0, 14, 0, 0, 0, 0, 12, 0, 0, 7, 0, 3, 0, 0, 0, 0, 0, 20, 0, 1, 9, 0, 2, 1, 10, 14, 2, 0, 0, 0, 18, 0, 0, 0, 0, 4, 0, 10, 0, 0, 16]
[0, 0, 19, 0, 0, 0, 11, 0, 0, 0, 0, 0, 11, 15, 0, 0, 4, 2, 0, 0, 0, 0, 19, 0, 0, 0, 8, 0, 0, 0, 0, 7, 0, 0, 0, 5, 0, 0, 0, 0, 16, 0, 0, 0, 0, 10, 0, 1, 0, 0, 0, 0, 0, 0, 0, 29, 0, 0, 0, 0, 10, 0, 4, 0, 0, 8, 0, 5, 0, 18, 0, 0, 0, 0, 0, 4, 0, 32, 0, 0, 0, 0, 0, 8, 2, 9, 13, 0, 1, 2, 0, 0, 0, 14, 0, 3, 0, 0, 0, 8, 2, 0, 9, 0, 0, 0, 0, 3, 1, 1, 11, 0, 0, 2, 0, 0, 19, 0, 0, 0, 0, 0, 0, 17, 0, 0, 0, 0, 14, 0, 0, 0, 12, 0, 25, 0, 0, 0, 0, 0, 0, 26, 0, 0, 0, 0, 0, 0, 0, 27]
[4, 0, 9, 0, 0, 0, 0, 22, 0, 0, 0, 0, 0, 27, 0, 0, 0, 0, 8, 0, 0, 0, 5, 0, 0, 12, 0, 1, 0, 0, 9, 0, 0, 0, 3, 0, 0, 0, 7, 0, 4, 0, 7, 0, 0, 0, 0, 0, 0, 22, 0, 0, 0, 0, 0, 0, 6, 5, 0, 0, 19, 0, 0, 4, 0, 1, 0, 0, 14, 7, 0, 0, 0, 0, 0, 0, 20, 11, 0, 0, 7, 1, 0, 11, 0, 11, 11, 2, 0, 0, 0, 10, 0, 0, 0, 0, 21, 0, 0, 0, 0, 0, 9, 0, 0, 0, 0, 0, 8, 0, 6, 0, 0, 6, 5, 0, 0, 8, 0, 0, 9, 0, 0, 0, 8, 0, 0, 2, 12, 0, 0, 11, 0, 3, 21, 0, 0, 0, 15, 0, 0, 0, 2, 1, 0, 0, 17, 0, 0, 16]
[0, 15, 0, 0, 0, 0, 19, 0, 0, 0, 0, 0, 0, 31, 0, 0, 0, 0, 0, 11, 0, 0, 0, 4, 2, 0, 0, 0, 13, 0, 0, 0, 1, 0, 7, 0, 0, 0, 0, 4, 6, 0, 0, 11, 0, 0, 0, 0, 11, 0, 0, 0, 1, 8, 0, 0, 0, 0, 13, 0, 9, 0, 5, 0, 5, 0, 0, 0, 12, 9, 0, 0, 0, 0, 0, 13, 0, 23, 0, 0, 0, 0, 13, 0, 0, 13, 9, 0, 0, 0, 0, 17, 0, 0, 0, 0, 14, 0, 0, 0, 0, 5, 0, 7, 0, 1, 0, 0, 0, 6, 0, 13, 0, 0, 0, 6, 0, 6, 1, 1, 0, 0, 0, 21, 0, 0, 0, 0, 10, 0, 6, 0, 0, 15, 9, 0, 13, 0, 0, 0, 13, 0, 0, 0, 0, 0, 13, 0, 0, 16]
[0, 0, 0, 0, 24, 0, 0, 0, 0, 0, 21, 0, 0, 9, 0, 0, 10, 0, 4, 2, 0, 0, 0, 13, 0, 0, 0, 0, 0, 0, 20, 0, 0, 0, 0, 0, 0, 0, 4, 0, 7, 0, 0, 0, 12, 0, 0, 0, 0, 9, 0, 0, 0, 11, 0, 0, 0, 8, 0, 0, 0, 21, 0, 0, 0, 2, 0, 11, 0, 12, 0, 0, 0, 7, 0, 0, 1, 30, 0, 0, 0, 0, 0, 10, 1, 10, 12, 0, 0, 0, 10, 0, 0, 0, 13, 0, 0, 0, 1, 0, 14, 0, 0, 1, 4, 0, 0, 0, 3, 0, 11, 0, 0, 2, 0, 10, 0, 0, 9, 0, 2, 0, 0, 0, 0, 0, 21, 0, 0, 0, 17, 0, 0, 4, 20, 0, 2, 8, 0, 0, 0, 7, 0, 0, 2, 0, 12, 0, 0, 16]
[0, 0, 19, 0, 0, 0, 0, 0, 19, 0, 0, 0, 0, 0, 29, 0, 0, 0, 1, 4, 0, 0, 0, 11, 0, 0, 0, 0, 11, 0, 0, 1, 0, 0, 9, 0, 0, 0, 0, 2, 8, 0, 0, 9, 0, 0, 0, 0, 13, 0, 0, 0, 0, 8, 0, 0, 0, 11, 0, 0, 0, 18, 0, 0, 3, 0, 0, 0, 14, 0, 0, 0, 18, 0, 0, 0, 0, 31, 0, 0, 0, 0, 0, 9, 1, 10, 12, 0, 0, 0, 0, 0, 15, 0, 0, 0, 0, 16, 0, 0, 0, 2, 0, 0, 17, 0, 0, 0, 0, 0, 6, 1, 0, 4, 0, 8, 0, 4, 0, 0, 13, 0, 0, 1, 0, 0, 0, 0, 30, 0, 0, 0, 0, 9, 15, 0, 7, 3, 0, 0, 11, 0, 0, 0, 0, 0, 15, 0, 0, 16]
[0, 0, 0, 0, 0, 0, 0, 0, 59, 0, 0, 0, 0, 0, 0, 0, 0, 0, 20, 0, 0, 0, 0, 0, 9, 0, 0, 0, 6, 0, 0, 0, 0, 0, 0, 19, 0, 0, 0, 0, 0, 0, 15, 0, 0, 0, 0, 0, 0, 0, 0, 0, 25, 0, 0, 0, 0, 0, 7, 0, 0, 0, 31, 0, 0, 0, 0, 0, 0, 0, 0, 0, 32, 0, 0, 0, 0, 17, 0, 0, 2, 4, 0, 0, 19, 0, 0, 0, 31, 0, 0, 0, 0, 0, 0, 0, 0, 0, 15, 0, 0, 0, 0, 16, 0, 0, 0, 0, 0, 0, 0, 0, 0, 0, 0, 42, 0, 0, 0, 0, 0, 0, 0, 0, 8, 0, 0, 0, 18, 0, 0, 0, 8, 0, 29, 0, 0, 0, 0, 0, 0, 0, 0, 29, 0, 0, 0, 0, 0, 17]
[0, 0, 0, 23, 0, 0, 0, 0, 0, 15, 0, 0, 0, 23, 0, 0, 0, 0, 12, 0, 0, 1, 0, 0, 0, 17, 0, 0, 0, 0, 0, 0, 0, 0, 0, 22, 0, 0, 0, 0, 0, 0, 0, 0, 20, 0, 0, 0, 0, 0, 0, 0, 0, 23, 0, 0, 0, 0, 0, 0, 22, 0, 0, 2, 0, 2, 0, 0, 13, 0, 12, 0, 0, 0, 0, 0, 11, 20, 0, 0, 0, 6, 0, 0, 17, 0, 18, 0, 0, 0, 0, 0, 0, 17, 0, 0, 0, 6, 0, 0, 10, 0, 0, 0, 0, 13, 0, 0, 0, 0, 8, 0, 0, 0, 0, 18, 0, 0, 2, 0, 8, 0, 1, 2, 0, 3, 0, 0, 21, 0, 0, 0, 0, 18, 6, 0, 16, 0, 0, 0, 0, 0, 0, 0, 0, 0, 0, 47, 0, 0]
[0, 0, 19, 0, 0, 0, 0, 0, 19, 0, 0, 0, 0, 23, 0, 0, 0, 4, 2, 0, 7, 0, 0, 4, 0, 4, 0, 7, 0, 0, 0, 5, 0, 1, 0, 4, 0, 0, 4, 0, 0, 9, 0, 0, 0, 15, 0, 0, 0, 1, 0, 6, 0, 5, 0, 1, 0, 12, 0, 0, 12, 0, 2, 0, 8, 0, 0, 7, 0, 16, 0, 0, 0, 3, 0, 0, 3, 28, 0, 0, 0, 0, 8, 0, 5, 6, 16, 0, 0, 2, 0, 0, 6, 0, 12, 0, 0, 0, 1, 0, 14, 0, 0, 0, 0, 0, 0, 0, 0, 18, 0, 2, 0, 3, 8, 0, 0, 5, 1, 1, 7, 0, 1, 0, 0, 0, 0, 19, 0, 0, 0, 20, 0, 0, 20, 0, 2, 0, 0, 12, 0, 0, 0, 6, 0, 10, 0, 0, 0, 18]
[4, 5, 0, 0, 2, 10, 0, 2, 0, 0, 0, 0, 19, 7, 0, 2, 0, 14, 0, 0, 0, 6, 0, 0, 9, 0, 0, 5, 0, 0, 5, 0, 0, 2, 0, 0, 5, 0, 0, 2, 0, 0, 21, 0, 0, 0, 0, 0, 0, 0, 0, 0, 19, 0, 0, 0, 0, 0, 13, 0, 0, 0, 0, 34, 0, 0, 0, 0, 0, 0, 13, 0, 0, 0, 0, 0, 10, 21, 0, 0, 0, 5, 3, 0, 0, 23, 0, 13, 0, 0, 0, 0, 1, 5, 0, 12, 0, 0, 0, 0, 0, 0, 0, 0, 0, 35, 0, 0, 0, 0, 0, 0, 0, 0, 13, 0, 0, 0, 7, 0, 0, 0, 12, 0, 0, 0, 0, 8, 0, 18, 0, 0, 0, 0, 35, 0, 0, 0, 0, 3, 0, 0, 11, 0, 0, 0, 11, 0, 0, 16]
[0, 0, 19, 0, 0, 0, 11, 0, 0, 1, 5, 0, 0, 25, 0, 0, 0, 0, 0, 17, 0, 0, 0, 0, 5, 0, 0, 9, 0, 0, 2, 0, 1, 2, 2, 0, 1, 1, 3, 0, 0, 10, 1, 0, 0, 12, 0, 0, 2, 0, 0, 6, 0, 5, 0, 0, 2, 9, 0, 0, 0, 20, 0, 0, 0, 3, 0, 10, 0, 13, 0, 0, 0, 0, 0, 0, 14, 17, 0, 0, 0, 9, 0, 3, 6, 5, 17, 0, 0, 0, 5, 0, 0, 6, 0, 0, 16, 0, 0, 0, 0, 0, 14, 0, 0, 0, 0, 0, 3, 0, 0, 18, 0, 0, 1, 0, 0, 12, 0, 0, 5, 0, 0, 0, 12, 0, 0, 0, 14, 0, 2, 0, 6, 5, 19, 0, 0, 0, 0, 19, 0, 0, 0, 0, 3, 9, 0, 0, 6, 16]
[0, 15, 0, 0, 0, 0, 0, 0, 0, 31, 0, 0, 0, 7, 0, 2, 0, 14, 0, 0, 0, 0, 0, 0, 0, 26, 0, 0, 0, 0, 0, 0, 2, 0, 6, 0, 0, 0, 0, 5, 5, 0, 0, 0, 0, 21, 0, 0, 0, 0, 0, 0, 4, 0, 9, 0, 0, 0, 8, 0, 14, 0, 0, 9, 0, 0, 0, 0, 11, 0, 14, 0, 0, 0, 0, 0, 9, 22, 0, 0, 0, 4, 4, 0, 0, 22, 0, 0, 0, 19, 0, 0, 0, 0, 0, 16, 0, 0, 0, 0, 0, 8, 0, 0, 11, 0, 0, 0, 0, 0, 0, 19, 0, 0, 1, 0, 7, 0, 0, 5, 0, 4, 0, 0, 0, 14, 0, 0, 10, 0, 6, 0, 0, 15, 9, 0, 0, 25, 0, 0, 0, 0, 0, 0, 0, 0, 17, 0, 0, 16]
[4, 5, 0, 0, 2, 10, 0, 0, 0, 0, 0, 22, 0, 0, 0, 18, 0, 0, 6, 1, 0, 0, 5, 0, 0, 0, 0, 0, 0, 0, 0, 0, 41, 0, 0, 0, 0, 0, 0, 0, 0, 0, 0, 0, 13, 0, 0, 0, 7, 0, 0, 0, 3, 6, 0, 0, 0, 13, 0, 0, 11, 0, 0, 0, 0, 0, 27, 0, 0, 0, 5, 0, 0, 0, 0, 0, 18, 13, 0, 2, 1, 0, 0, 0, 30, 0, 0, 19, 0, 0, 0, 0, 0, 2, 0, 0, 20, 0, 0, 0, 0, 0, 0, 0, 20, 0, 0, 0, 0, 0, 3, 0, 0, 0, 22, 0, 0, 0, 0, 0, 0, 0, 19, 0, 0, 0, 0, 2, 0, 0, 30, 0, 0, 0, 17, 0, 5, 0, 7, 0, 5, 0, 0, 0, 0, 19, 0, 0, 0, 16]
[4, 0, 0, 0, 0, 0, 0, 42, 0, 0, 0, 0, 0, 7, 0, 2, 0, 0, 22, 0, 0, 0, 0, 0, 0, 10, 0, 0, 0, 0, 0, 15, 0, 0, 0, 0, 0, 0, 7, 0, 4, 0, 0, 0, 15, 0, 0, 0, 5, 0, 0, 0, 5, 4, 0, 0, 0, 0, 17, 0, 5, 0, 9, 0, 0, 3, 0, 0, 12, 0, 0, 0, 0, 0, 0, 33, 0, 3, 0, 0, 0, 23, 0, 0, 0, 13, 9, 0, 0, 0, 0, 0, 0, 0, 0, 0, 0, 0, 0, 58, 0, 0, 0, 0, 0, 0, 0, 0, 0, 0, 1, 4, 0, 0, 0, 0, 0, 0, 0, 38, 0, 0, 0, 0, 0, 0, 0, 0, 17, 0, 0, 6, 0, 0, 34, 0, 0, 0, 0, 0, 0, 0, 0, 0, 28, 0, 0, 0, 0, 16]
[4, 5, 0, 0, 2, 0, 0, 24, 0, 0, 0, 0, 0, 25, 0, 0, 0, 0, 10, 0, 0, 0, 0, 0, 0, 22, 0, 0, 0, 0, 0, 0, 0, 0, 0, 17, 0, 0, 0, 0, 0, 0, 17, 0, 0, 0, 0, 0, 0, 12, 0, 0, 0, 0, 12, 0, 0, 0, 5, 0, 17, 0, 0, 0, 0, 0, 0, 26, 0, 0, 0, 6, 0, 0, 0, 0, 12, 19, 0, 0, 1, 5, 3, 0, 10, 0, 25, 0, 0, 0, 0, 0, 2, 0, 0, 23, 0, 0, 0, 0, 0, 0, 0, 0, 22, 0, 0, 0, 0, 0, 0, 0, 12, 0, 0, 3, 4, 0, 0, 0, 0, 0, 27, 0, 0, 0, 0, 0, 0, 21, 0, 0, 0, 6, 18, 0, 0, 16, 0, 0, 0, 0, 0, 0, 0, 0, 26, 0, 0, 16]
[0, 15, 0, 0, 0, 0, 19, 0, 0, 0, 0, 1, 0, 28, 0, 0, 0, 0, 7, 0, 0, 0, 6, 0, 0, 11, 0, 0, 2, 0, 7, 0, 0, 0, 0, 0, 0, 0, 0, 0, 30, 0, 0, 0, 0, 0, 0, 0, 11, 0, 0, 0, 0, 10, 0, 0, 0, 0, 11, 0, 11, 0, 0, 0, 0, 17, 0, 0, 0, 0, 0, 0, 32, 0, 0, 0, 0, 17, 0, 0, 0, 9, 0, 0, 0, 27, 0, 0, 0, 0, 19, 0, 0, 0, 0, 11, 0, 0, 0, 0, 0, 0, 24, 0, 0, 0, 0, 0, 0, 0, 0, 16, 0, 0, 2, 0, 0, 0, 18, 0, 0, 0, 0, 6, 0, 0, 0, 9, 0, 0, 23, 0, 0, 0, 0, 0, 0, 0, 0, 0, 0, 0, 80, 0, 0, 0, 0, 0, 0, 16]
[4, 0, 9, 0, 0, 8, 0, 0, 0, 15, 0, 0, 0, 23, 0, 0, 0, 4, 2, 3, 0, 0, 3, 4, 2, 1, 7, 0, 0, 0, 6, 0, 0, 0, 6, 0, 0, 0, 4, 0, 7, 0, 4, 0, 0, 0, 0, 0, 0, 25, 0, 0, 0, 0, 1, 0, 2, 0, 0, 15, 3, 1, 8, 1, 0, 0, 12, 0, 0, 16, 0, 0, 0, 0, 0, 0, 11, 20, 0, 0, 0, 6, 2, 1, 8, 3, 19, 0, 0, 0, 3, 0, 0, 8, 2, 0, 8, 0, 0, 0, 9, 0, 2, 1, 0, 6, 0, 0, 0, 2, 0, 17, 0, 0, 2, 0, 0, 11, 0, 0, 0, 7, 1, 0, 7, 0, 0, 3, 11, 0, 0, 12, 0, 2, 22, 0, 0, 12, 0, 0, 0, 0, 6, 0, 1, 11, 0, 0, 0, 17]
[4, 0, 0, 13, 0, 1, 10, 0, 0, 1, 5, 0, 0, 25, 0, 0, 0, 2, 4, 0, 0, 0, 9, 0, 5, 0, 6, 0, 0, 1, 5, 0, 0, 2, 2, 0, 1, 0, 0, 0, 18, 0, 0, 0, 0, 8, 1, 0, 0, 0, 10, 0, 0, 3, 1, 0, 2, 0, 0, 15, 0, 0, 19, 0, 0, 0, 0, 8, 0, 15, 0, 0, 0, 0, 0, 0, 12, 19, 0, 0, 1, 5, 0, 7, 0, 15, 7, 5, 0, 0, 0, 7, 0, 1, 9, 0, 0, 2, 0, 3, 0, 8, 2, 1, 4, 0, 0, 0, 0, 5, 7, 0, 2, 0, 12, 0, 0, 0, 8, 0, 2, 0, 5, 0, 0, 0, 9, 0, 11, 1, 0, 0, 13, 0, 24, 0, 0, 10, 0, 0, 0, 5, 0, 1, 0, 0, 17, 0, 0, 16]
[0, 15, 0, 0, 0, 6, 5, 0, 0, 0, 0, 0, 17, 9, 0, 1, 7, 0, 0, 14, 0, 0, 0, 0, 8, 0, 3, 0, 0, 2, 4, 0, 0, 0, 8, 0, 0, 0, 0, 0, 15, 0, 0, 0, 0, 0, 0, 23, 0, 0, 0, 0, 0, 0, 0, 7, 0, 0, 0, 12, 6, 0, 8, 0, 2, 0, 0, 13, 0, 10, 0, 0, 0, 0, 0, 12, 0, 24, 0, 0, 0, 2, 0, 10, 1, 10, 12, 0, 0, 0, 0, 14, 0, 0, 5, 0, 5, 0, 0, 2, 0, 0, 20, 0, 0, 0, 0, 0, 0, 1, 11, 0, 0, 0, 14, 0, 0, 0, 6, 0, 0, 0, 0, 0, 0, 25, 0, 0, 1, 9, 0, 0, 0, 18, 6, 0, 16, 0, 0, 0, 0, 11, 0, 0, 0, 0, 14, 0, 1, 16]
[0, 15, 0, 0, 0, 6, 0, 6, 0, 0, 11, 0, 0, 19, 0, 0, 1, 5, 2, 0, 0, 10, 0, 0, 5, 0, 0, 0, 10, 0, 0, 0, 3, 0, 5, 0, 0, 1, 3, 0, 8, 0, 0, 9, 0, 0, 0, 0, 13, 0, 0, 0, 0, 0, 12, 0, 0, 3, 0, 0, 21, 0, 0, 0, 5, 0, 0, 0, 0, 35, 0, 0, 0, 0, 0, 0, 0, 25, 0, 0, 0, 2, 0, 10, 1, 10, 12, 0, 2, 0, 5, 0, 0, 6, 4, 2, 2, 0, 0, 4, 5, 0, 6, 0, 0, 4, 0, 0, 2, 0, 12, 0, 0, 1, 0, 11, 0, 0, 8, 0, 0, 0, 11, 0, 0, 0, 0, 9, 5, 5, 1, 4, 0, 10, 14, 0, 8, 2, 0, 0, 12, 0, 0, 0, 0, 12, 0, 0, 0, 16]
[4, 5, 0, 2, 0, 11, 1, 0, 5, 0, 5, 0, 0, 25, 0, 0, 0, 2, 4, 0, 5, 0, 0, 6, 1, 0, 10, 0, 0, 0, 0, 0, 7, 0, 2, 0, 0, 2, 2, 0, 9, 0, 2, 2, 0, 5, 3, 0, 0, 2, 0, 5, 0, 6, 0, 0, 0, 13, 0, 0, 11, 0, 3, 0, 7, 0, 0, 8, 0, 0, 0, 24, 0, 0, 0, 0, 0, 27, 0, 0, 0, 1, 0, 11, 0, 11, 11, 0, 0, 6, 0, 0, 2, 0, 16, 0, 0, 0, 0, 2, 7, 0, 4, 0, 0, 6, 0, 0, 0, 2, 10, 0, 0, 0, 15, 0, 0, 0, 0, 7, 0, 0, 10, 0, 0, 0, 4, 1, 13, 0, 3, 2, 0, 12, 12, 0, 10, 0, 0, 4, 6, 0, 0, 1, 0, 0, 17, 0, 0, 16]
[4, 5, 0, 0, 0, 16, 0, 0, 3, 0, 0, 8, 0, 21, 0, 0, 0, 6, 1, 0, 0, 11, 0, 0, 0, 7, 2, 1, 0, 0, 9, 0, 0, 0, 0, 5, 0, 0, 3, 0, 8, 0, 3, 0, 0, 10, 0, 0, 0, 4, 2, 0, 0, 11, 0, 0, 0, 0, 0, 14, 4, 1, 8, 1, 0, 0, 12, 0, 0, 16, 0, 0, 0, 0, 0, 0, 11, 20, 0, 0, 0, 6, 2, 1, 8, 3, 19, 0, 0, 0, 0, 0, 0, 16, 0, 0, 0, 0, 0, 0, 25, 0, 0, 0, 0, 0, 1, 0, 0, 0, 19, 0, 0, 0, 6, 0, 2, 2, 0, 5, 0, 0, 12, 0, 0, 0, 2, 0, 18, 0, 0, 5, 0, 9, 15, 0, 0, 0, 0, 23, 0, 0, 0, 0, 1, 0, 13, 0, 1, 16]
[4, 5, 0, 0, 0, 16, 0, 0, 0, 7, 0, 1, 0, 28, 0, 0, 0, 0, 7, 0, 0, 0, 6, 0, 0, 11, 0, 0, 2, 1, 0, 0, 0, 14, 0, 0, 0, 0, 0, 2, 8, 0, 0, 0, 11, 0, 4, 0, 0, 0, 7, 0, 0, 6, 0, 0, 1, 10, 0, 0, 14, 0, 1, 0, 9, 0, 2, 2, 0, 0, 0, 30, 0, 0, 0, 0, 0, 21, 0, 0, 0, 0, 15, 0, 0, 11, 11, 0, 2, 0, 5, 0, 0, 6, 4, 2, 0, 0, 3, 2, 7, 0, 0, 0, 0, 0, 0, 18, 0, 0, 2, 0, 7, 0, 7, 0, 0, 0, 13, 0, 0, 0, 0, 11, 0, 0, 0, 4, 10, 0, 6, 1, 0, 13, 11, 5, 1, 9, 0, 0, 0, 0, 9, 0, 0, 0, 13, 0, 1, 16]
[0, 0, 0, 23, 0, 0, 0, 0, 0, 15, 0, 0, 0, 23, 0, 0, 0, 0, 0, 19, 0, 0, 0, 0, 0, 0, 16, 0, 0, 0, 0, 1, 0, 0, 9, 0, 0, 0, 0, 2, 0, 0, 0, 0, 29, 0, 0, 0, 0, 0, 1, 0, 2, 7, 0, 0, 0, 0, 14, 0, 8, 0, 6, 2, 0, 0, 11, 0, 0, 0, 0, 0, 0, 0, 39, 0, 0, 0, 0, 0, 0, 27, 0, 0, 0, 9, 0, 0, 0, 0, 0, 0, 0, 0, 0, 69, 0, 0, 0, 0, 0, 0, 0, 0, 0, 0, 0, 0, 0, 0, 2, 0, 0, 10, 2, 0, 0, 0, 0, 0, 0, 0, 39, 0, 0, 0, 0, 0, 0, 0, 0, 0, 25, 0, 12, 0, 0, 0, 0, 0, 0, 0, 0, 0, 0, 0, 0, 75, 29, 0]
[4, 0, 9, 0, 0, 8, 3, 0, 0, 0, 0, 16, 0, 13, 0, 0, 6, 1, 5, 1, 2, 1, 0, 7, 0, 0, 11, 0, 0, 0, 2, 0, 0, 0, 10, 0, 0, 0, 1, 0, 10, 0, 0, 0, 9, 0, 6, 0, 0, 0, 5, 0, 0, 8, 0, 0, 0, 11, 0, 0, 13, 0, 2, 0, 8, 0, 0, 7, 0, 16, 0, 0, 0, 3, 0, 0, 3, 28, 0, 0, 0, 0, 8, 0, 5, 6, 16, 0, 0, 2, 2, 1, 0, 6, 4, 2, 2, 0, 0, 4, 5, 0, 6, 0, 0, 4, 0, 0, 0, 0, 0, 24, 0, 0, 0, 0, 0, 0, 0, 18, 0, 0, 0, 4, 1, 1, 0, 7, 0, 19, 0, 0, 0, 8, 16, 0, 6, 4, 0, 0, 0, 0, 0, 18, 0, 0, 0, 9, 0, 16]
[4, 0, 9, 0, 0, 0, 0, 0, 0, 0, 0, 0, 45, 0, 0, 0, 0, 10, 0, 0, 0, 0, 0, 0, 27, 0, 0, 0, 0, 0, 0, 2, 0, 0, 0, 10, 0, 0, 0, 0, 0, 0, 24, 0, 0, 0, 0, 0, 0, 0, 0, 14, 0, 0, 2, 0, 1, 0, 0, 0, 0, 41, 0, 0, 0, 0, 0, 0, 1, 0, 0, 0, 0, 0, 0, 44, 0, 0, 0, 8, 0, 0, 0, 16, 0, 0, 0, 44, 0, 0, 0, 0, 0, 0, 0, 0, 0, 2, 0, 3, 0, 0, 0, 0, 0, 0, 0, 0, 38, 0, 0, 0, 0, 0, 3, 0, 0, 0, 0, 19, 0, 0, 0, 3, 0, 2, 0, 6, 0, 0, 0, 33, 0, 0, 7, 9, 0, 0, 0, 11, 0, 0, 0, 0, 0, 0, 0, 36, 0, 16]
[0, 0, 0, 23, 0, 0, 0, 4, 2, 1, 0, 0, 9, 0, 0, 28, 0, 0, 0, 3, 0, 0, 3, 4, 0, 0, 0, 0, 0, 0, 0, 0, 0, 38, 0, 0, 0, 0, 0, 0, 0, 0, 3, 0, 3, 0, 0, 0, 0, 18, 0, 0, 0, 0, 0, 0, 10, 0, 3, 0, 19, 0, 0, 0, 7, 0, 0, 8, 0, 0, 0, 0, 0, 36, 0, 0, 0, 0, 0, 19, 0, 0, 0, 5, 4, 0, 0, 0, 0, 0, 55, 0, 0, 0, 0, 0, 0, 0, 0, 0, 0, 0, 0, 0, 22, 0, 0, 0, 0, 0, 2, 3, 0, 2, 9, 0, 0, 0, 0, 0, 23, 0, 0, 0, 0, 0, 1, 3, 0, 0, 29, 0, 0, 0, 18, 0, 4, 6, 0, 0, 0, 9, 0, 0, 1, 0, 0, 22, 0, 16]
[4, 5, 0, 0, 0, 16, 0, 0, 0, 0, 0, 16, 0, 13, 0, 0, 6, 0, 0, 15, 0, 0, 0, 0, 7, 0, 4, 0, 0, 2, 0, 0, 0, 13, 0, 0, 0, 0, 0, 3, 7, 0, 0, 10, 0, 0, 7, 0, 0, 0, 0, 6, 0, 0, 9, 0, 0, 0, 0, 12, 6, 0, 8, 0, 0, 4, 0, 9, 0, 0, 0, 23, 0, 0, 0, 0, 0, 28, 0, 0, 0, 0, 0, 12, 0, 10, 12, 1, 0, 0, 0, 0, 12, 0, 0, 0, 18, 0, 0, 0, 0, 0, 0, 15, 0, 0, 0, 0, 0, 2, 10, 0, 0, 0, 0, 16, 0, 0, 0, 5, 0, 4, 2, 2, 0, 3, 0, 5, 0, 21, 0, 0, 0, 6, 18, 0, 4, 0, 0, 10, 1, 0, 2, 1, 0, 0, 17, 0, 0, 16]
[4, 0, 0, 13, 0, 1, 0, 11, 0, 0, 6, 0, 0, 24, 0, 0, 0, 3, 3, 2, 0, 3, 0, 0, 0, 15, 0, 0, 0, 1, 0, 0, 0, 0, 0, 0, 0, 0, 0, 32, 0, 0, 0, 0, 0, 0, 0, 18, 0, 0, 0, 0, 0, 0, 0, 12, 0, 2, 0, 0, 22, 0, 0, 0, 4, 0, 0, 0, 13, 8, 0, 1, 1, 0, 0, 10, 0, 0, 37, 0, 0, 0, 0, 0, 3, 8, 14, 0, 0, 3, 1, 0, 2, 4, 6, 1, 0, 0, 0, 0, 21, 0, 0, 0, 0, 0, 3, 0, 0, 3, 9, 0, 0, 0, 0, 17, 0, 0, 0, 0, 14, 0, 0, 0, 0, 0, 9, 0, 0, 0, 29, 0, 0, 0, 18, 0, 0, 0, 18, 0, 0, 0, 0, 0, 6, 6, 0, 3, 0, 16]
